# time = 0.015
# pool = 7623
# 7b93: 0.00013
# 277c: 0.00013
# 553b: 0.00013
# ba24: 0.00013
# 5f3c: 0.00013
# 8d12: 0.00013
# 822b: 0.00013
# e3a0: 0.00013
# d027: 0.00013
# 2ab7: 0.00013
# info_T = -0.000
# info_Q = 24.342525039055484
q 158 0 1 0 2 0 3 0 4 0 5 0 6 0 7 0 8 0 9 0 10 0 11 1 1 1 2 1 3 1 4 1 5 1 6 1 7 1 8 1 9 1 10 1 11 1 12 1 13 1 14 2 0 2 1 2 2 2 3 2 4 2 5 2 6 2 7 2 8 2 9 2 10 2 11 2 12 2 13 2 14 3 0 3 1 3 2 3 3 3 4 3 5 3 6 3 7 3 8 3 9 3 10 3 11 3 12 3 13 3 14 4 0 4 1 4 2 4 3 4 4 4 5 4 6 4 7 4 8 4 9 4 10 4 11 4 12 4 13 4 14 5 0 5 3 5 4 5 5 5 6 5 7 5 8 5 9 5 10 5 11 5 12 5 13 5 14 6 0 6 6 6 7 6 8 6 9 6 10 6 11 6 12 6 13 6 14 7 0 7 6 7 7 7 8 7 9 7 10 7 11 7 12 7 13 7 14 8 0 8 7 8 8 8 9 8 10 8 11 8 12 8 13 8 14 9 0 9 9 9 10 9 11 9 12 9 13 9 14 10 0 10 9 10 10 10 11 10 12 10 13 10 14 11 0 11 11 11 12 11 13 11 14 12 0 12 11 12 12 12 13 12 14 13 9 13 10 13 11 13 12 13 13 14 1 14 2 14 8 14 9 14 10 14 11 14 12 14 13 14 14 0 14 13 0 14 0 1 0 0 12 13 14 0 0 0 13
# time = 0.396
# -1.172 -> -1.172
# pool = 2512
# c5e0: 0.00161
# 9584: 0.00161
# 5c2c: 0.00161
# 6761: 0.00161
# dc58: 0.00161
# 5abb: 0.00161
# e4ed: 0.00161
# 3802: 0.00161
# b0a5: 0.00161
# 6ee8: 0.00161
# info_T = 0.012
# info_Q = 25.15133950231438
q 173 0 1 0 2 0 3 0 6 0 7 0 8 0 9 0 10 0 11 1 1 1 2 1 3 1 7 1 8 1 9 1 10 1 11 1 12 1 13 1 14 2 0 2 1 2 9 2 10 2 11 2 12 2 13 2 14 3 0 3 1 3 10 3 11 3 12 3 13 3 14 4 0 4 1 4 10 4 11 4 12 4 13 4 14 5 0 5 1 5 10 5 11 5 12 5 13 5 14 6 1 6 2 6 10 6 11 6 12 6 13 6 14 7 1 7 2 7 3 7 10 7 11 7 12 7 13 7 14 8 3 8 4 8 8 8 9 8 10 8 11 8 12 8 13 8 14 9 5 9 6 9 7 9 8 9 9 9 10 9 11 9 12 9 13 9 14 10 6 10 7 10 8 10 9 10 10 10 11 10 12 10 13 10 14 11 7 11 8 11 9 11 10 11 11 11 12 11 13 11 14 12 7 12 8 12 9 12 10 12 11 12 12 12 13 12 14 13 8 13 9 13 10 13 11 13 12 13 13 14 8 14 9 14 10 14 11 14 12 14 13 10 4 14 6 14 7 14 14 14 5 7 0 14 3 14 4 14 2 14 0 14 1 13 14 13 5 10 3 9 3 13 3 13 7 13 6 8 1 13 1 12 1 13 4 12 0 13 2 12 6 11 5 9 4 8 2 6 0 10 5 13 0 12 5 12 4 11 6 8 0 10 2 11 3 10 0 12 3 11 4 0 0 11 2 10 1 12 2 9 0 9 1 1 0 11 0 0 12 9 2 0 14 11 1 0 13
# time = 0.770
# -2.401 -> -2.401
# pool = 1256
# 0d70: 0.01347
# 071b: 0.01347
# 7833: 0.01347
# dc58: 0.01182
# e269: 0.01182
# 413a: 0.01182
# 1195: 0.01182
# f4ce: 0.01182
# 2c0d: 0.01182
# 24ea: 0.01069
# info_T = 0.072
# info_Q = 21.988717306727345
q 151 0 1 0 2 0 3 0 4 0 5 0 6 0 7 0 8 0 9 1 1 1 2 1 4 1 5 1 7 1 9 1 12 1 13 1 14 2 0 2 2 2 9 2 12 2 13 2 14 3 7 3 9 4 7 4 9 4 14 5 0 5 7 5 8 5 9 5 14 6 3 6 5 6 6 6 7 6 8 6 9 6 10 6 11 6 12 6 13 6 14 7 1 7 2 7 3 7 4 7 5 7 6 7 7 7 8 7 9 7 10 7 11 7 12 7 13 7 14 8 3 8 4 8 5 8 6 8 7 8 8 8 9 8 10 8 11 8 12 8 14 9 5 9 6 9 7 9 8 9 9 9 10 9 11 9 14 10 6 10 7 10 8 10 9 10 10 10 11 10 13 10 14 11 7 11 8 11 9 11 11 11 13 12 7 12 14 13 8 14 8 14 9 14 10 14 11 14 7 13 3 14 5 14 4 14 3 12 1 12 5 12 0 14 2 14 6 11 4 14 1 14 0 13 4 13 2 13 5 11 3 13 14 13 6 13 7 12 4 11 5 13 1 11 6 11 1 13 0 10 3 10 2 9 4 10 4 12 6 0 13 8 2 12 3 14 14 10 0 10 1 8 1 6 0 7 0 11 2 11 0 10 5 8 0 1 0 0 0 0 14 12 2 9 3 0 12 9 0 9 1 9 2
# time = 1.104
# -4.025 -> -4.025
# pool = 124
# 70dc: 0.18630
# 032c: 0.15287
# 3a74: 0.12069
# 7e96: 0.09294
# 6e88: 0.08064
# 17d7: 0.08064
# 343e: 0.06021
# 0d66: 0.05339
# 60c2: 0.04023
# f9fe: 0.03900
# info_T = 0.591
# info_Q = 22.031262238964256
q 182 0 3 0 4 0 5 0 6 0 7 0 8 0 10 1 1 1 2 1 4 1 5 1 6 1 7 1 8 1 9 1 10 2 0 2 2 2 3 2 5 2 7 2 8 2 9 2 10 3 1 3 3 3 6 3 8 3 9 3 10 3 11 3 12 3 13 4 0 4 1 4 2 4 3 4 4 4 5 4 6 4 7 4 8 4 9 4 10 4 11 4 14 5 1 5 2 5 3 5 4 5 5 5 6 5 7 5 8 5 9 5 10 5 11 5 12 5 14 6 1 6 2 6 3 6 4 6 5 6 6 6 9 6 10 6 11 6 12 6 14 7 10 7 12 7 14 8 9 8 10 8 12 8 14 9 9 9 10 10 9 10 13 11 8 12 9 12 10 13 9 14 11 14 14 14 5 8 1 8 2 14 10 14 3 7 7 14 4 9 3 14 9 7 8 14 7 8 7 11 4 11 3 14 2 14 1 0 12 13 6 1 12 14 6 0 14 14 8 10 4 14 0 11 2 1 13 13 4 13 3 13 7 10 1 13 8 13 14 13 5 7 1 9 2 10 0 1 0 10 3 11 0 9 0 9 1 10 2 8 8 12 5 10 8 12 4 7 0 7 6 8 0 12 3 12 2 12 0 13 1 8 5 10 7 12 1 9 7 11 1 13 2 5 0 6 0 7 5 0 13 10 14 7 4 2 13 0 9 0 2 9 6 6 8 2 14 10 6 8 6 9 5 1 14 11 14 13 0 12 6 12 7 6 7 11 7 0 0 7 2 8 4 0 1 11 6 12 8 7 3 2 12 11 5 12 14 9 4 8 3 10 5 9 8
# time = 1.427
# -6.126 -> -6.126
# pool = 51
# 7e96: 0.49756
# f9fe: 0.24526
# 3a74: 0.22741
# 9eac: 0.01252
# 6e88: 0.01251
# f8c5: 0.00262
# 343e: 0.00103
# 3802: 0.00044
# cef2: 0.00041
# 70dc: 0.00007
# info_T = 1.380
# info_Q = 14.283544311159481
q 204 0 3 0 11 1 1 1 4 1 6 1 10 1 11 2 0 2 2 2 3 2 4 2 5 2 7 2 10 2 11 3 1 3 3 3 6 3 7 3 10 3 14 4 0 4 1 4 3 4 5 4 6 4 7 4 10 4 11 4 12 4 13 4 14 5 1 5 2 5 3 5 4 5 5 5 6 5 10 5 11 6 1 6 2 6 3 6 4 6 5 6 9 6 10 6 12 6 13 7 10 7 11 7 12 7 13 8 9 8 10 8 12 8 13 9 12 9 13 10 10 11 12 4 4 4 2 6 11 14 9 11 4 14 12 0 9 12 11 0 7 13 6 14 13 0 12 11 3 1 13 14 14 13 2 0 8 10 7 1 12 3 9 6 0 12 7 12 10 12 0 10 6 12 8 14 11 2 14 12 1 10 3 1 8 14 10 11 14 2 13 0 4 0 5 12 2 0 6 14 8 14 7 6 8 8 8 0 0 13 14 6 7 1 5 13 5 9 8 10 5 13 4 7 8 14 0 3 8 13 3 8 0 5 8 9 4 14 5 1 2 10 2 9 7 13 12 9 6 11 2 11 13 13 13 11 1 12 9 10 1 10 0 14 4 8 7 0 2 9 5 8 5 1 9 13 9 7 7 8 6 14 6 13 1 7 5 8 4 8 2 6 6 13 10 7 3 13 11 14 1 11 11 13 8 7 1 2 12 12 6 11 0 12 5 10 14 11 10 9 3 11 6 5 7 11 8 2 9 9 2 1 0 7 6 7 2 14 3 1 7 14 2 13 7 7 0 13 0 12 3 12 14 1 14 9 14 11 5 12 12 12 13 7 4 9 1 5 0 11 9 12 4 10 11 11 7 7 14 0 1 9 9 10 9 10 8 9 0 8 1 0 14 8 14 6 14 4 9 8 3 2 8 4 8 0 13 10 4
# time = 1.749
# -8.162 -> -8.162
# pool = 48
# f9fe: 0.93858
# 9eac: 0.04594
# f8c5: 0.00661
# 343e: 0.00378
# 6e88: 0.00350
# 3802: 0.00098
# 70dc: 0.00026
# 7e96: 0.00010
# 3a74: 0.00008
# 93d1: 0.00006
# info_T = 3.759
# info_Q = 3.4759560107321037
a 38 2 3 2 10 3 1 3 3 3 6 3 10 4 0 4 1 4 2 4 3 4 4 4 5 4 6 4 10 5 1 5 2 5 3 5 4 5 5 5 10 5 11 5 12 5 13 6 1 6 2 6 4 6 10 6 11 7 9 7 10 7 11 7 12 8 10 8 11 8 12 9 10 9 12 10 12
